4.475508586014851353e+00
4.471882735148515309e+00
4.469868373556105112e+00
4.470674118193069368e+00
4.475508586014851353e+00
4.480343053836633338e+00
4.468659756600660060e+00
4.450127629950495489e+00
2.737718840243399399e+01
5.270778542698020175e+01
3.636728418935643692e+00
1.565481255156765705e+01
1.293260429558580782e+01
2.435202016295379579e+01
6.649085318688119628e+01
1.543963844626650257e+02
2.530279883457095593e+02
3.382334693430280481e+02
3.768141340501237551e+02
3.665670766295379508e+02
3.285319010416666856e+02
2.917234716635725817e+02
2.572799027949669721e+02
2.243994785220709502e+02
1.971072961788366342e+02
1.738986276557343160e+02
1.558878177856848026e+02
1.393922107054455637e+02
1.245153446008663423e+02
1.112310327712458786e+02
1.004840108034240842e+02
9.215704285272278184e+01
8.423536445441419573e+01
7.818986244327558666e+01
7.110051825495048661e+01
6.318367432446370202e+01
5.716073316316006725e+01
5.236010661613036632e+01
4.912343040944719519e+01
4.507214637479373209e+01
4.081781469162540787e+01
3.671778310643563970e+01
3.388357634591584144e+01
3.194858060024752433e+01
2.977347295276402761e+01
2.869377513923267031e+01
2.733126095812706424e+01
2.588092061159241197e+01
2.441728547854785347e+01
2.333517043110561318e+01
2.214226549608085648e+01
2.101583449360561318e+01
2.043892133353960361e+01
1.934431724422442045e+01
1.874726046823432313e+01
1.804867986798679880e+01
1.730054597256600601e+01
1.664104398721121925e+01
1.627443017739273756e+01
1.568865382632013095e+01
1.524428565903465227e+01
1.455698548370462042e+01
1.375446382528877720e+01
1.332661342306105645e+01
1.298135184612211113e+01
1.259419154806105645e+01
1.229808039397689789e+01
1.163535543007425765e+01
1.138074012479373032e+01
1.110678694822607326e+01
1.063099474009900902e+01
1.020515869946369669e+01
1.023658274030528048e+01
9.885278078589108119e+00
9.665712665016501504e+00
9.404651402640265445e+00
9.136741310849835429e+00
9.115389077970297294e+00
8.864399623556106889e+00
8.679884101691419218e+00
8.580777511344884090e+00
8.489728367367986195e+00
8.412376882219472662e+00
8.150509875206269683e+00
8.077992857879538136e+00
7.761335215552804812e+00
7.739580110354785880e+00
7.570373736592409308e+00
7.318175665222772075e+00
7.220277691831682887e+00
7.087329826732673865e+00
7.016021426361386482e+00
6.908454517326732436e+00
6.787592821782178376e+00
6.619997937293729429e+00
6.574070492986798797e+00
6.493898901608910812e+00
6.449180074257425233e+00
6.364174015057755263e+00
6.203025087665016812e+00
6.107141475866336933e+00
6.073300201113861263e+00
6.107544348184817729e+00
5.937935102103960361e+00
5.927863294141913819e+00
5.869043935643563970e+00
5.752613835602310211e+00
5.777189047029703595e+00
5.761074154290429128e+00
5.711520859117161564e+00
5.694197349422442045e+00
5.638198097153465760e+00
5.681708307549504511e+00
5.508473210602310211e+00
5.496387041047854360e+00
5.355381729579208105e+00
5.307037051361386482e+00
5.346115666254124932e+00
5.238951629537953458e+00
5.287296307755775082e+00
5.304216945132012917e+00
5.282864712252474781e+00
5.157168548886138737e+00
5.154348442656766061e+00
5.132996209777227925e+00
5.203901737830032737e+00
5.126147380363036632e+00
5.070953872731023715e+00
5.113658338490099098e+00
5.076996957508250752e+00
5.063702170998349850e+00
5.062896426361386482e+00
5.019789088283828526e+00
4.986350685849834541e+00
5.009717280321781985e+00
5.009717280321781985e+00
4.923502604166666963e+00
4.906581966790429128e+00
4.908193456064356752e+00
4.901344626650165459e+00
4.928739944306930632e+00
4.904164732879538136e+00
4.929142816625412316e+00
4.914236540841583789e+00
4.857834416254124932e+00
4.873949308993399399e+00
4.853402820750824631e+00
4.876769415222772075e+00
4.860654522483498496e+00
4.862668884075907805e+00
4.888049840140263669e+00
4.874755053630362767e+00
4.860251650165016812e+00
4.836482183374587684e+00
4.819158673679867277e+00
4.834064949463696692e+00
4.843733885107260662e+00
4.834467821782178376e+00
4.771619740099009910e+00
4.800223674711221022e+00
4.790554739067657053e+00
4.830036226278878075e+00
4.797403568481848346e+00
4.781691548061055563e+00
4.788540377475246856e+00
4.776051335602310211e+00
4.726900912747525219e+00
4.758727825907590692e+00
4.747850273308580782e+00
4.745433039397689789e+00
4.711188892326732436e+00
4.683793574669967263e+00
4.750267507219471774e+00
4.749461762582508406e+00
4.726095168110560962e+00
4.707160169141913819e+00
4.714411870874587684e+00
4.702728573638613518e+00
4.723275061881188286e+00
4.671707405115511413e+00
4.682987830033003895e+00
4.699505595090759158e+00
4.711994636963696692e+00
4.691851021039603609e+00
4.682584957714521323e+00
4.666067192656766061e+00
4.680973468440594587e+00
4.667275809612211113e+00
4.651966661509900902e+00
4.666067192656766061e+00
4.662441341790429128e+00
4.656801129331682887e+00
4.661635597153465760e+00
4.621751237623762165e+00
4.656801129331682887e+00
4.624571343853134842e+00
4.624974216171617414e+00
4.632225917904290391e+00
4.649549427599009910e+00
4.617319642120461864e+00
4.649549427599009910e+00
4.617319642120461864e+00
4.620542620668317113e+00
4.634240279496699699e+00
4.607247834158416211e+00
4.618931131394388601e+00
4.613290918935643248e+00
4.603219110973596706e+00
4.587104218234324016e+00
4.632628790222772075e+00
4.640283364273927624e+00
4.600801877062706602e+00
4.583075495049504511e+00
4.616513897483498496e+00
4.632628790222772075e+00
4.635046024133663067e+00
4.584284112004950451e+00
4.608859323432342947e+00
4.631823045585808707e+00
4.591535813737624316e+00
4.607247834158416211e+00
4.595564536922442045e+00
4.623765599216171474e+00
4.613693791254124932e+00
4.599996132425742346e+00
4.577838154909240842e+00
4.589521452145214120e+00
4.586298473597359759e+00
4.590327196782178376e+00
4.571392197813532121e+00
4.589118579826732436e+00
4.597578898514851353e+00
4.594758792285478677e+00
4.574212304042903909e+00
4.609665068069307203e+00
4.583478367367987083e+00
4.596370281559405413e+00
4.591535813737624316e+00
4.575823793316832422e+00
4.584686984323432135e+00
4.565349113036303308e+00
4.573406559405940541e+00
4.547219858704620421e+00
4.567363474628712616e+00
4.573003687087458857e+00
4.562931879125412316e+00
4.554068688118811714e+00
4.560111772896039639e+00
4.562126134488448947e+00
4.535536561468646255e+00
4.556083049711221022e+00
4.568169219265675984e+00
4.554471560437293398e+00
4.544399752475246856e+00
4.538356667698019820e+00
4.522241774958746241e+00
4.535536561468646255e+00
4.556083049711221022e+00
4.541579646245875068e+00
4.539162412334983188e+00
4.538356667698019820e+00
4.546414114067657053e+00
4.550845709570957354e+00
4.552457198844884090e+00
4.531104965965345954e+00
4.521033158003300301e+00
4.548428475660066361e+00
4.541982518564356752e+00
4.530702093646865158e+00
4.537148050742574767e+00
4.542788263201320120e+00
4.552457198844884090e+00
4.544399752475246856e+00
4.537550923061055563e+00
4.559306028259075383e+00
4.535939433787128827e+00
4.530299221328382586e+00
4.533119327557755263e+00
4.529090604372937534e+00
4.513781456270626435e+00
4.539162412334983188e+00
4.520227413366336933e+00
4.531910710602310211e+00
4.521436030321781985e+00
4.531507838283828526e+00
4.526673370462046542e+00
4.544399752475246856e+00
4.541982518564356752e+00
4.533925072194719519e+00
4.524256136551154661e+00
4.519824541047854360e+00
4.541982518564356752e+00
4.521033158003300301e+00
4.523450391914191293e+00
4.525464753506600601e+00
4.536342306105611399e+00
4.513781456270626435e+00
4.520227413366336933e+00
4.517810179455445940e+00
4.533925072194719519e+00
4.512169966996699699e+00
4.522241774958746241e+00
4.508946988448845339e+00
4.505724009900990090e+00
4.512572839315182271e+00
4.529090604372937534e+00
4.524659008869637233e+00
4.517407307136963368e+00
4.505724009900990090e+00
4.499278052805280481e+00
4.515392945544554060e+00
4.540773901608910812e+00
4.531507838283828526e+00
4.520227413366336933e+00
4.507738371493399399e+00
4.521033158003300301e+00
4.540371029290429128e+00
4.526270498143563970e+00
4.519018796410890992e+00
4.511364222359736331e+00
4.513781456270626435e+00
4.531104965965345954e+00
4.519018796410890992e+00
4.507738371493399399e+00
4.505321137582508406e+00
4.519018796410890992e+00
4.530299221328382586e+00
4.506932626856436030e+00
4.512572839315182271e+00
4.522644647277227925e+00
4.515795817863036632e+00
4.521838902640263669e+00
4.510155605404290391e+00
4.519018796410890992e+00
4.518213051773927624e+00
4.495652201938944437e+00
4.496457946575907805e+00
4.517407307136963368e+00
4.522241774958746241e+00
4.492832095709570872e+00
4.514184328589109008e+00
4.508544116130362767e+00
4.501695286716171474e+00
4.512572839315182271e+00
4.508946988448845339e+00
4.516198690181517428e+00
4.514990073226072376e+00
4.534327944513201203e+00
4.512975711633663067e+00
4.501695286716171474e+00
4.492832095709570872e+00
4.499278052805280481e+00
4.508141243811881083e+00
4.499680925123762165e+00
4.546011241749175369e+00
4.521033158003300301e+00
4.498472308168317113e+00
4.497666563531353745e+00
4.499278052805280481e+00
4.524659008869637233e+00
4.491220606435643248e+00
4.496457946575907805e+00
4.503306775990099098e+00
4.514184328589109008e+00
4.508141243811881083e+00
4.509349860767326135e+00
4.499680925123762165e+00
4.499680925123762165e+00
4.500889542079208105e+00
4.505321137582508406e+00
4.497666563531353745e+00
4.514587200907590692e+00
4.520630285684817729e+00
4.504515392945545038e+00
4.505724009900990090e+00
4.508946988448845339e+00
4.489609117161716512e+00
4.490011989480198196e+00
4.501695286716171474e+00
4.491623478754124932e+00
4.515392945544554060e+00
4.489609117161716512e+00
4.504918265264025834e+00
4.503709648308580782e+00
4.496457946575907805e+00
4.491220606435643248e+00
4.507738371493399399e+00
4.496055074257425233e+00
4.484371777021452843e+00
4.502903903671617414e+00
4.500083797442244737e+00
4.515392945544554060e+00
4.516601562500000000e+00
4.512975711633663067e+00
4.506932626856436030e+00
4.495652201938944437e+00
4.488400500206270571e+00
4.495249329620461864e+00
4.501292414397689789e+00
4.496860818894388601e+00
4.502098159034654046e+00
4.501695286716171474e+00
4.495652201938944437e+00
4.498875180486798797e+00
4.490414861798679880e+00
4.501292414397689789e+00
4.493234968028053444e+00
4.487191883250824631e+00
4.495652201938944437e+00
4.504918265264025834e+00
4.499278052805280481e+00
4.498875180486798797e+00
4.496860818894388601e+00
4.485580393976897007e+00
4.485177521658416211e+00
4.480343053836633338e+00
4.500083797442244737e+00
4.479940181518151654e+00
4.496055074257425233e+00
4.502501031353134842e+00
4.497263691212871173e+00
4.490817734117161564e+00
4.500486669760725533e+00
4.478731564562706602e+00
4.485983266295379579e+00
4.497263691212871173e+00
4.492429223391089188e+00
4.492429223391089188e+00
4.492832095709570872e+00
4.495652201938944437e+00
4.488803372524753144e+00
4.500486669760725533e+00
4.496457946575907805e+00
4.508946988448845339e+00
4.475508586014851353e+00
4.485983266295379579e+00
4.483566032384488587e+00
4.493637840346534240e+00
4.498069435849834541e+00
4.485580393976897007e+00
4.483566032384488587e+00
4.483163160066006903e+00
4.492026351072607504e+00
4.481551670792079278e+00
4.490011989480198196e+00
4.485177521658416211e+00
4.489206244843233939e+00
4.482357415429042646e+00
4.492026351072607504e+00
4.500083797442244737e+00
4.491623478754124932e+00
4.490011989480198196e+00
4.484371777021452843e+00
4.493234968028053444e+00
4.485580393976897007e+00
4.488803372524753144e+00
4.478731564562706602e+00
4.483163160066006903e+00
4.478731564562706602e+00
4.482357415429042646e+00
4.488400500206270571e+00
4.504112520627062466e+00
4.498472308168317113e+00
4.483163160066006903e+00
4.498472308168317113e+00
4.485983266295379579e+00
4.479134436881188286e+00
4.483163160066006903e+00
4.488803372524753144e+00
4.469868373556105112e+00
4.480745926155115910e+00
4.494846457301980180e+00
4.492026351072607504e+00
4.498069435849834541e+00
4.481551670792079278e+00
4.478731564562706602e+00
4.480343053836633338e+00
4.494846457301980180e+00
4.487997627887788887e+00
4.496457946575907805e+00
4.487594755569307203e+00
4.467854011963696692e+00
4.475508586014851353e+00
4.477925819925742346e+00
4.481551670792079278e+00
4.486386138613861263e+00
4.475508586014851353e+00
4.472285607466996105e+00
4.481551670792079278e+00
4.482760287747525219e+00
4.475105713696369669e+00
4.483968904702970271e+00
4.489206244843233939e+00
4.485983266295379579e+00
4.484371777021452843e+00
4.494040712665016812e+00
4.486386138613861263e+00
4.491623478754124932e+00
4.481954543110560962e+00
4.471882735148515309e+00
4.490011989480198196e+00
4.483566032384488587e+00
4.489206244843233939e+00
4.475911458333333037e+00
4.480343053836633338e+00
4.494443584983498496e+00
4.485983266295379579e+00
4.477925819925742346e+00
4.481148798473596706e+00
4.487191883250824631e+00
4.478731564562706602e+00
4.482357415429042646e+00
4.484774649339933639e+00
4.492026351072607504e+00
4.479940181518151654e+00
4.475911458333333037e+00
4.485580393976897007e+00
4.481551670792079278e+00
4.496055074257425233e+00
4.477522947607260662e+00
4.484371777021452843e+00
4.480745926155115910e+00
4.477925819925742346e+00
4.479537309199669970e+00
4.478731564562706602e+00
4.483163160066006903e+00
4.488803372524753144e+00
4.487997627887788887e+00
4.487997627887788887e+00
4.488400500206270571e+00
4.492832095709570872e+00
4.477522947607260662e+00
4.486386138613861263e+00
4.484774649339933639e+00
4.482760287747525219e+00
4.490817734117161564e+00
4.494846457301980180e+00
4.482760287747525219e+00
4.470271245874587684e+00
4.477925819925742346e+00
4.487997627887788887e+00
4.481148798473596706e+00
4.479537309199669970e+00
4.491623478754124932e+00
4.492429223391089188e+00
4.497666563531353745e+00
4.488803372524753144e+00
4.479134436881188286e+00
4.487191883250824631e+00
4.477120075288778978e+00
4.494040712665016812e+00
4.488803372524753144e+00
4.489609117161716512e+00
4.485580393976897007e+00
4.499680925123762165e+00
4.487191883250824631e+00
4.485177521658416211e+00
4.497666563531353745e+00
4.500083797442244737e+00
4.496860818894388601e+00
4.489206244843233939e+00
4.480745926155115910e+00
4.478731564562706602e+00
4.492832095709570872e+00
4.495249329620461864e+00
4.481148798473596706e+00
4.495652201938944437e+00
4.485983266295379579e+00
4.487997627887788887e+00
4.484371777021452843e+00
4.496055074257425233e+00
4.472285607466996105e+00
4.470271245874587684e+00
4.487594755569307203e+00
4.492026351072607504e+00
4.496860818894388601e+00
4.486789010932342947e+00
4.479537309199669970e+00
4.495652201938944437e+00
4.470674118193069368e+00
4.477925819925742346e+00
4.483566032384488587e+00
4.476717202970296405e+00
4.484774649339933639e+00
4.478328692244224918e+00
4.483968904702970271e+00
4.467048267326732436e+00
4.473091352103960361e+00
4.471076990511551053e+00
4.468659756600660060e+00
4.470674118193069368e+00
4.487191883250824631e+00
4.481148798473596706e+00
4.483566032384488587e+00
4.481148798473596706e+00
4.475911458333333037e+00
4.479134436881188286e+00
4.477522947607260662e+00
4.473897096740924617e+00
4.487191883250824631e+00
4.477925819925742346e+00
4.478328692244224918e+00
4.470271245874587684e+00
4.467451139645214120e+00
4.480745926155115910e+00
4.481551670792079278e+00
4.467451139645214120e+00
4.470674118193069368e+00
4.464228161097359759e+00
4.474299969059405413e+00
4.467451139645214120e+00
4.473494224422442045e+00
4.480745926155115910e+00
4.473494224422442045e+00
4.473897096740924617e+00
4.475911458333333037e+00
4.475911458333333037e+00
4.483163160066006903e+00
4.471479862830032737e+00
4.475105713696369669e+00
4.477522947607260662e+00
4.484774649339933639e+00
4.469868373556105112e+00
4.476314330651815609e+00
4.479940181518151654e+00
4.471479862830032737e+00
4.479537309199669970e+00
4.471076990511551053e+00
4.471882735148515309e+00
4.490414861798679880e+00
4.486386138613861263e+00
4.461408054867987083e+00
4.476314330651815609e+00
4.478328692244224918e+00
4.469062628919141744e+00
4.478731564562706602e+00
4.471076990511551053e+00
4.476717202970296405e+00
4.475105713696369669e+00
4.481954543110560962e+00
4.480745926155115910e+00
4.472688479785478677e+00
4.476314330651815609e+00
4.472688479785478677e+00
4.471479862830032737e+00
4.468659756600660060e+00
4.469868373556105112e+00
4.472688479785478677e+00
4.463825288778878075e+00
4.472285607466996105e+00
4.476314330651815609e+00
4.467451139645214120e+00
4.473494224422442045e+00
4.474299969059405413e+00
4.475508586014851353e+00
4.476717202970296405e+00
4.483566032384488587e+00
4.470674118193069368e+00
4.479537309199669970e+00
4.477522947607260662e+00
4.471882735148515309e+00
4.468659756600660060e+00
4.468256884282178376e+00
4.473494224422442045e+00
4.473091352103960361e+00
4.476314330651815609e+00
4.470674118193069368e+00
4.474299969059405413e+00
4.469868373556105112e+00
4.470271245874587684e+00
4.472688479785478677e+00
4.488400500206270571e+00
4.469868373556105112e+00
4.473494224422442045e+00
4.465436778052804812e+00
4.463019544141913819e+00
4.477522947607260662e+00
4.468256884282178376e+00
4.467451139645214120e+00
4.474299969059405413e+00
4.473897096740924617e+00
4.476314330651815609e+00
4.481148798473596706e+00
4.475911458333333037e+00
4.466645395008250752e+00
4.479940181518151654e+00
4.474299969059405413e+00
4.474702841377887985e+00
4.473091352103960361e+00
4.473091352103960361e+00
4.471882735148515309e+00
4.477120075288778978e+00
4.483566032384488587e+00
4.476717202970296405e+00
4.474299969059405413e+00
4.477120075288778978e+00
4.473091352103960361e+00
4.481551670792079278e+00
4.478731564562706602e+00
4.469062628919141744e+00
4.471479862830032737e+00
4.470271245874587684e+00
4.470674118193069368e+00
4.471479862830032737e+00
4.475105713696369669e+00
4.485580393976897007e+00
4.479537309199669970e+00
4.473494224422442045e+00
4.471882735148515309e+00
4.477522947607260662e+00
4.465436778052804812e+00
4.472285607466996105e+00
4.473494224422442045e+00
4.475911458333333037e+00
4.474702841377887985e+00
4.469868373556105112e+00
4.469465501237624316e+00
4.461005182549504511e+00
4.471882735148515309e+00
4.473091352103960361e+00
4.471076990511551053e+00
4.469465501237624316e+00
4.473897096740924617e+00
4.475911458333333037e+00
4.475105713696369669e+00
4.461810927186467879e+00
4.473091352103960361e+00
4.473494224422442045e+00
4.478731564562706602e+00
4.477522947607260662e+00
4.473494224422442045e+00
4.468659756600660060e+00
4.471076990511551053e+00
4.472688479785478677e+00
4.465839650371287384e+00
4.476314330651815609e+00
4.477120075288778978e+00
4.465839650371287384e+00
4.464631033415841443e+00
4.471882735148515309e+00
4.469465501237624316e+00
4.473897096740924617e+00
4.472285607466996105e+00
4.468659756600660060e+00
4.471479862830032737e+00
4.465033905734324016e+00
4.474299969059405413e+00
4.470674118193069368e+00
4.468659756600660060e+00
4.489206244843233939e+00
4.477522947607260662e+00
4.476717202970296405e+00
4.471076990511551053e+00
4.470271245874587684e+00
4.472285607466996105e+00
4.485177521658416211e+00
4.473091352103960361e+00
4.468659756600660060e+00
4.468256884282178376e+00
4.470271245874587684e+00
4.467854011963696692e+00
4.477120075288778978e+00
4.477120075288778978e+00
4.481148798473596706e+00
4.469465501237624316e+00
4.458587948638613518e+00
4.472285607466996105e+00
4.463825288778878075e+00
4.481551670792079278e+00
4.475508586014851353e+00
4.469465501237624316e+00
4.481954543110560962e+00
4.475911458333333037e+00
4.477120075288778978e+00
4.473494224422442045e+00
4.474702841377887985e+00
4.471076990511551053e+00
4.483968904702970271e+00
4.469465501237624316e+00
4.472285607466996105e+00
4.472688479785478677e+00
4.476314330651815609e+00
4.471479862830032737e+00
4.476314330651815609e+00
4.474299969059405413e+00
4.485983266295379579e+00
4.479537309199669970e+00
4.472688479785478677e+00
4.463422416460396391e+00
4.468256884282178376e+00
4.466242522689769068e+00
4.460199437912541143e+00
4.467048267326732436e+00
4.472688479785478677e+00
4.467451139645214120e+00
4.477925819925742346e+00
4.470271245874587684e+00
4.476717202970296405e+00
4.473897096740924617e+00
4.469465501237624316e+00
4.476314330651815609e+00
4.474299969059405413e+00
4.478731564562706602e+00
4.463019544141913819e+00
4.475911458333333037e+00
4.463422416460396391e+00
4.475911458333333037e+00
4.482760287747525219e+00
4.464228161097359759e+00
4.466242522689769068e+00
4.464631033415841443e+00
4.466645395008250752e+00
4.468256884282178376e+00
4.470271245874587684e+00
4.474702841377887985e+00
4.472285607466996105e+00
4.466242522689769068e+00
4.466645395008250752e+00
4.467854011963696692e+00
4.469062628919141744e+00
4.469062628919141744e+00
4.463422416460396391e+00
4.469465501237624316e+00
4.471479862830032737e+00
4.480745926155115910e+00
4.479537309199669970e+00
4.466645395008250752e+00
4.473494224422442045e+00
4.475105713696369669e+00
4.467451139645214120e+00
4.466645395008250752e+00
4.467854011963696692e+00
4.480343053836633338e+00
4.481954543110560962e+00
4.470271245874587684e+00
4.472688479785478677e+00
4.471076990511551053e+00
4.468256884282178376e+00
4.467451139645214120e+00
4.476717202970296405e+00
4.472285607466996105e+00
4.465839650371287384e+00
4.469868373556105112e+00
4.469465501237624316e+00
4.471076990511551053e+00
4.469465501237624316e+00
4.470271245874587684e+00
4.476717202970296405e+00
4.472688479785478677e+00
4.473494224422442045e+00
4.471882735148515309e+00
4.463019544141913819e+00
4.479940181518151654e+00
4.475105713696369669e+00
4.475911458333333037e+00
4.466645395008250752e+00
4.462616671823432135e+00
4.464228161097359759e+00
4.467048267326732436e+00
4.477522947607260662e+00
4.475911458333333037e+00
4.465033905734324016e+00
4.470271245874587684e+00
4.473897096740924617e+00
4.469868373556105112e+00
4.467451139645214120e+00
4.461005182549504511e+00
4.471076990511551053e+00
4.469465501237624316e+00
4.478731564562706602e+00
4.476314330651815609e+00
4.469465501237624316e+00
4.467854011963696692e+00
4.466242522689769068e+00
4.479537309199669970e+00
4.469465501237624316e+00
4.470271245874587684e+00
4.467854011963696692e+00
4.464228161097359759e+00
4.469465501237624316e+00
4.478731564562706602e+00
4.466645395008250752e+00
4.469062628919141744e+00
4.467854011963696692e+00
4.469465501237624316e+00
4.469868373556105112e+00
4.471479862830032737e+00
4.477522947607260662e+00
4.479134436881188286e+00
4.468256884282178376e+00
4.473897096740924617e+00
4.468256884282178376e+00
4.475105713696369669e+00
4.465033905734324016e+00
4.478328692244224918e+00
4.465033905734324016e+00
4.465436778052804812e+00
4.465436778052804812e+00
4.468256884282178376e+00
4.473091352103960361e+00
4.473091352103960361e+00
4.457782204001650150e+00
4.463422416460396391e+00
4.470674118193069368e+00
4.471882735148515309e+00
4.463825288778878075e+00
4.459393693275577775e+00
4.465839650371287384e+00
4.460199437912541143e+00
4.469062628919141744e+00
4.466645395008250752e+00
4.477120075288778978e+00
4.470271245874587684e+00
4.469465501237624316e+00
4.461408054867987083e+00
4.476314330651815609e+00
4.469062628919141744e+00
4.469062628919141744e+00
4.479537309199669970e+00
4.467048267326732436e+00
4.465839650371287384e+00
4.467451139645214120e+00
4.464228161097359759e+00
4.464228161097359759e+00
4.466242522689769068e+00
4.463422416460396391e+00
4.477120075288778978e+00
4.475508586014851353e+00
4.462616671823432135e+00
4.465436778052804812e+00
4.470271245874587684e+00
4.465033905734324016e+00
4.461005182549504511e+00
4.470271245874587684e+00
4.478328692244224918e+00
4.469062628919141744e+00
4.469868373556105112e+00
4.477522947607260662e+00
4.469868373556105112e+00
4.473091352103960361e+00
4.464631033415841443e+00
4.470271245874587684e+00
4.471882735148515309e+00
4.467451139645214120e+00
4.462213799504950451e+00
4.475508586014851353e+00
4.473091352103960361e+00
4.481551670792079278e+00
4.471076990511551053e+00
4.475911458333333037e+00
4.475105713696369669e+00
4.471882735148515309e+00
4.473494224422442045e+00
4.466242522689769068e+00
4.468659756600660060e+00
4.460602310231023715e+00
4.471882735148515309e+00
4.474299969059405413e+00
4.467854011963696692e+00
4.469868373556105112e+00
4.472285607466996105e+00
4.465033905734324016e+00
4.469062628919141744e+00
4.466242522689769068e+00
4.474702841377887985e+00
4.463825288778878075e+00
4.479940181518151654e+00
4.473897096740924617e+00
4.473897096740924617e+00
4.463422416460396391e+00
4.467451139645214120e+00
4.478328692244224918e+00
4.467451139645214120e+00
4.471479862830032737e+00
4.477522947607260662e+00
4.473091352103960361e+00
4.463422416460396391e+00
4.465839650371287384e+00
4.458587948638613518e+00
4.461408054867987083e+00
4.466645395008250752e+00
4.465436778052804812e+00
4.471882735148515309e+00
4.469062628919141744e+00
4.471076990511551053e+00
4.468659756600660060e+00
4.465839650371287384e+00
4.467048267326732436e+00
4.471882735148515309e+00
4.471076990511551053e+00
4.471882735148515309e+00
4.473494224422442045e+00
4.481148798473596706e+00
4.472285607466996105e+00
4.466242522689769068e+00
4.469868373556105112e+00
4.473494224422442045e+00
4.467048267326732436e+00
4.479537309199669970e+00
4.471882735148515309e+00
4.462213799504950451e+00
4.464631033415841443e+00
4.468256884282178376e+00
4.470674118193069368e+00
4.473091352103960361e+00
4.475508586014851353e+00
4.469868373556105112e+00
4.463825288778878075e+00
4.465436778052804812e+00
4.470674118193069368e+00
4.467854011963696692e+00
4.466645395008250752e+00
4.460602310231023715e+00
4.469868373556105112e+00
4.471882735148515309e+00
4.468659756600660060e+00
4.465033905734324016e+00
4.469062628919141744e+00
4.467854011963696692e+00
4.478731564562706602e+00
4.471479862830032737e+00
4.468256884282178376e+00
4.469465501237624316e+00
4.471076990511551053e+00
4.470674118193069368e+00
4.469465501237624316e+00
4.467854011963696692e+00
4.470271245874587684e+00
4.473091352103960361e+00
4.467451139645214120e+00
4.467048267326732436e+00
4.470674118193069368e+00
4.473494224422442045e+00
4.473091352103960361e+00
4.473091352103960361e+00
4.468256884282178376e+00
4.468659756600660060e+00
4.475911458333333037e+00
4.462616671823432135e+00
4.472285607466996105e+00
4.467451139645214120e+00
4.480343053836633338e+00
4.477522947607260662e+00
4.468256884282178376e+00
4.477120075288778978e+00
4.469062628919141744e+00
4.475508586014851353e+00
4.468659756600660060e+00
4.465436778052804812e+00
4.463019544141913819e+00
4.464228161097359759e+00
4.466242522689769068e+00
4.461408054867987083e+00
4.473897096740924617e+00
4.470674118193069368e+00
4.473494224422442045e+00
4.469465501237624316e+00
4.471479862830032737e+00
4.470674118193069368e+00
4.473494224422442045e+00
4.463825288778878075e+00
4.464228161097359759e+00
4.469465501237624316e+00
4.469465501237624316e+00
4.468659756600660060e+00
4.464631033415841443e+00
4.475105713696369669e+00
4.467451139645214120e+00
4.474299969059405413e+00
4.471076990511551053e+00
4.471882735148515309e+00
4.465436778052804812e+00
4.457782204001650150e+00
4.468659756600660060e+00
4.468256884282178376e+00
4.476717202970296405e+00
4.461005182549504511e+00
4.467451139645214120e+00
4.472285607466996105e+00
4.462616671823432135e+00
4.467048267326732436e+00
4.466645395008250752e+00
4.469868373556105112e+00
4.469465501237624316e+00
4.467854011963696692e+00
4.474702841377887985e+00
4.467854011963696692e+00
4.468256884282178376e+00
4.467451139645214120e+00
4.467048267326732436e+00
4.469868373556105112e+00
4.467854011963696692e+00
4.467451139645214120e+00
4.469465501237624316e+00
4.473494224422442045e+00
4.463422416460396391e+00
4.467854011963696692e+00
4.462213799504950451e+00
4.476314330651815609e+00
4.470674118193069368e+00
4.475508586014851353e+00
4.468659756600660060e+00
4.471076990511551053e+00
4.475911458333333037e+00
4.468659756600660060e+00
4.469062628919141744e+00
4.478731564562706602e+00
4.473091352103960361e+00
4.466645395008250752e+00
4.472688479785478677e+00
4.474299969059405413e+00
4.468659756600660060e+00
4.461408054867987083e+00
4.461810927186467879e+00
4.468659756600660060e+00
4.469062628919141744e+00
4.473897096740924617e+00
4.473091352103960361e+00
4.467048267326732436e+00
4.470674118193069368e+00
4.469465501237624316e+00
4.467048267326732436e+00
4.464228161097359759e+00
4.463422416460396391e+00
4.465839650371287384e+00
4.462213799504950451e+00
4.469062628919141744e+00
4.462616671823432135e+00
4.473897096740924617e+00
4.468256884282178376e+00
4.469062628919141744e+00
4.470271245874587684e+00
4.480343053836633338e+00
4.467854011963696692e+00
4.474299969059405413e+00
4.469868373556105112e+00
4.465033905734324016e+00
4.469062628919141744e+00
4.470674118193069368e+00
4.470271245874587684e+00
4.470271245874587684e+00
4.479537309199669970e+00
4.474702841377887985e+00
4.469868373556105112e+00
4.469868373556105112e+00
4.468256884282178376e+00
4.464631033415841443e+00
4.479537309199669970e+00
4.471882735148515309e+00
4.473494224422442045e+00
4.475911458333333037e+00
4.475105713696369669e+00
4.463422416460396391e+00
4.478731564562706602e+00